[gd_scene load_steps=9 format=3 uid="uid://dik1k7swwhj46"]

[ext_resource type="Script" uid="uid://bqf4ga76nty75" path="res://CODE/Player.cs" id="1_jnmn6"]

[sub_resource type="StandardMaterial3D" id="StandardMaterial3D_14wnp"]
albedo_color = Color(0.309305, 0.305548, 4.81308e-08, 1)

[sub_resource type="CapsuleMesh" id="CapsuleMesh_jpjkl"]
material = SubResource("StandardMaterial3D_14wnp")

[sub_resource type="Animation" id="Animation_i8xpx"]
length = 0.001
tracks/0/type = "value"
tracks/0/imported = false
tracks/0/enabled = true
tracks/0/path = NodePath("MeshInstance3D:position")
tracks/0/interp = 1
tracks/0/loop_wrap = true
tracks/0/keys = {
"times": PackedFloat32Array(0),
"transitions": PackedFloat32Array(1),
"update": 0,
"values": [Vector3(0, 0, 0)]
}

[sub_resource type="Animation" id="Animation_4mycl"]
resource_name = "bounce"
length = 0.5
loop_mode = 2
tracks/0/type = "value"
tracks/0/imported = false
tracks/0/enabled = true
tracks/0/path = NodePath("MeshInstance3D:position")
tracks/0/interp = 1
tracks/0/loop_wrap = true
tracks/0/keys = {
"times": PackedFloat32Array(0, 0.2, 0.5),
"transitions": PackedFloat32Array(1, 1, 1),
"update": 0,
"values": [Vector3(0, 0, 0), Vector3(0, 0.5, 0), Vector3(0, 0, 0)]
}

[sub_resource type="AnimationLibrary" id="AnimationLibrary_5wevu"]
_data = {
&"RESET": SubResource("Animation_i8xpx"),
&"bounce": SubResource("Animation_4mycl")
}

[sub_resource type="Curve3D" id="Curve3D_d0ig5"]
_data = {
"points": PackedVector3Array(0, 0, 0, 0, 0, 1.1, 0, 0, 1.295, 0, 0, -1.185, 0, 0, 0, 1.46189, -0.0702386, 1.42242, 0, 0, 1.22, 0, 0, -1.17, 2.405, 0, 1.025, 0, 0, 0, 0, 0, 0, 3.47471, 0.0510368, 1.22136),
"tilts": PackedFloat32Array(0, 0, 0, 0)
}
point_count = 4

[sub_resource type="CapsuleMesh" id="CapsuleMesh_upicb"]

[node name="Player" type="Node3D"]
script = ExtResource("1_jnmn6")

[node name="MeshInstance3D" type="MeshInstance3D" parent="."]
mesh = SubResource("CapsuleMesh_jpjkl")

[node name="AnimationPlayer" type="AnimationPlayer" parent="."]
libraries = {
&"": SubResource("AnimationLibrary_5wevu")
}

[node name="Path3D" type="Path3D" parent="."]
visible = false
curve = SubResource("Curve3D_d0ig5")

[node name="PathFollow3D" type="PathFollow3D" parent="Path3D"]
transform = Transform3D(-0.98303396, 0.0008150635, -0.18341114, -0.0008150631, 0.999959, 0.0088122515, 0.18341112, 0.008812252, -0.982995, 0.01067748, -0.00051301485, 1.4301318)
progress = 0.134371

[node name="MeshInstance3D2" type="MeshInstance3D" parent="Path3D/PathFollow3D"]
transform = Transform3D(0.02, 0, 0, 0, -0.0130526, -0.0495722, 0, 0.0991445, -0.00652631, 0, 0, 0)
mesh = SubResource("CapsuleMesh_upicb")
skeleton = NodePath("../../..")

[node name="PathFollow3D2" type="PathFollow3D" parent="Path3D"]
transform = Transform3D(-0.8136104, 0.008955277, -0.58133876, -0.008955299, 0.9995655, 0.027931256, 0.58133954, 0.027931208, -0.8131791, 0.04918446, -0.002363138, 1.55612)
progress = 0.266635

[node name="MeshInstance3D2" type="MeshInstance3D" parent="Path3D/PathFollow3D2"]
transform = Transform3D(0.02, 0, 0, 0, -0.0130526, -0.0495722, 0, 0.0991445, -0.00652631, 0, 0, 0)
mesh = SubResource("CapsuleMesh_upicb")
skeleton = NodePath("../../..")

[node name="PathFollow3D3" type="PathFollow3D" parent="Path3D"]
transform = Transform3D(-0.98303396, 0.0008150635, -0.18341114, -0.0008150631, 0.999959, 0.0088122515, 0.18341112, 0.008812252, -0.982995, 0.01067748, -0.00051301485, 1.4301318)
progress = 0.134371

[node name="MeshInstance3D2" type="MeshInstance3D" parent="Path3D/PathFollow3D3"]
transform = Transform3D(0.02, 0, 0, 0, -0.0130526, -0.0495722, 0, 0.0991445, -0.00652631, 0, 0, 0)
mesh = SubResource("CapsuleMesh_upicb")
skeleton = NodePath("../../..")
